100000 9 50 20 0 fswSF 0.061449 0 12694 0.033542456012 0 0 0 0 0 0 0 0 0 0 0 0
100000 9 50 20 16 ftwSF 0.203532 11124 12694 0.033542456012 10.43 1028 1.76 1988 1.7 5092 1.57 1988 10.4 1028 0 0
100000 9 50 20 1 ftwSF 0.079871 11124 12694 0.033542456012 6.18 1028 0.91 1988 0.88 5092 0.91 1988 5.84 1028 0 0
100000 9 50 20 4 ftwSF 0.109238 11124 12694 0.033542456012 7.58 1028 1.14 1988 1.06 5092 1.08 1988 7.39 1028 0 0
100000 9 50 20 8 ftwSF 0.143993 11124 12694 0.033542456012 9.3 1028 1.42 1988 1.34 5092 1.29 1988 9.66 1028 0 0
100000 9 50 10 0 fswSF 0.049681 0 12694 0.0335439301898 0 0 0 0 0 0 0 0 0 0 0 0
100000 9 50 10 0 fswSN 0.216247 0 8702 1.04398750848 0 0 0 0 0 0 0 0 0 0 0 0
100000 9 50 10 16 ftwSF 0.145633 11124 12694 0.0335439301898 6.09 1028 1.1 1988 0.97 5092 1.0 1988 4.83 1028 0 0
100000 9 50 10 1 ftwSF 0.065628 11124 12694 0.0335439301898 3.24 1028 0.35 1988 0.33 5092 0.43 1988 2.94 1028 0 0
100000 9 50 10 4 ftwSF 0.109207 11124 12694 0.0335439301898 4.58 1028 0.55 1988 0.46 5092 0.49 1988 3.67 1028 0 0
100000 9 50 10 8 ftwSF 0.141361 11124 12694 0.0335439301898 5.37 1028 0.81 1988 0.68 5092 0.73 1988 4.24 1028 0 0
100000 9 50 10 16 ftwSN 0.041935 4148 8702 1.04398750848 0 0 0 0 0 0 0 0 0 0 120.13 4148
100000 9 50 10 1 ftwSN 0.229323 4148 8702 1.04398750848 0 0 0 0 0 0 0 0 0 0 51.75 4148
100000 9 50 10 4 ftwSN 0.071154 4148 8702 1.04398750848 0 0 0 0 0 0 0 0 0 0 57.59 4148
100000 9 50 10 8 ftwSN 0.05001 4148 8702 1.04398750848 0 0 0 0 0 0 0 0 0 0 72.88 4148
100000 9 50 50 0 fswSF 0.126798 0 12694 0.0335351162209 0 0 0 0 0 0 0 0 0 0 0 0
100000 9 50 50 16 ftwSF 0.136705 11124 12694 0.0335351162209 39.52 1028 6.58 1988 8.27 5092 5.86 1988 50.58 1028 0 0
100000 9 50 50 1 ftwSF 0.153871 11124 12694 0.0335351162209 19.9 1028 5.23 1988 6.0 5092 4.68 1988 20.38 1028 0 0
100000 9 50 50 4 ftwSF 0.11198 11124 12694 0.0335351162209 22.41 1028 5.44 1988 5.69 5092 5.08 1988 24.02 1028 0 0
100000 9 50 50 8 ftwSF 0.139265 11124 12694 0.0335351162209 30.2 1028 5.93 1988 6.67 5092 5.43 1988 32.14 1028 0 0
100000 9 50 100 0 fswSF 0.282408 0 12694 0.0540924032147 0 0 0 0 0 0 0 0 0 0 0 0
100000 9 50 100 16 ftwSF 0.133468 11124 12694 0.0540924032147 101.6 1028 22.6 1988 29.47 5092 30.23 1988 111.59 1028 0 0
100000 9 50 100 1 ftwSF 0.345551 11124 12694 0.0540924032147 32.68 1028 22.49 1988 25.75 5092 17.94 1988 33.58 1028 0 0
100000 9 50 100 4 ftwSF 0.131514 11124 12694 0.0540924032147 36.9 1028 23.39 1988 26.65 5092 20.97 1988 38.1 1028 0 0
100000 9 50 100 8 ftwSF 0.129621 11124 12694 0.0540924032147 49.66 1028 21.04 1988 24.66 5092 26.42 1988 56.03 1028 0 0
100000 6 400 100 0 fswSNF 3.940194 0 1725 0.235991877991 0 0 0 0 0 0 0 0 0 0 0 0
100000 6 400 100 16 ftwSNF 0.404531 1608 1725 0.235951058898 499.31 120 46.57 188 51.04 432 48.58 188 599.49 120 10688.64 560
100000 6 400 100 1 ftwSNF 3.9516 1608 1725 0.235991877991 278.18 120 24.92 188 27.74 432 23.43 188 320.89 120 6865.07 560
100000 6 400 100 4 ftwSNF 1.408159 1608 1725 0.235991877991 421.16 120 37.41 188 38.35 432 34.0 188 424.5 120 9624.55 560
100000 6 400 100 8 ftwSNF 0.749235 1608 1725 0.235994583954 443.59 120 39.79 188 39.49 432 37.2 188 454.28 120 9992.26 560
100000 9 50 10 0 fswSNF 0.264833 0 12694 0.0166194715837 0 0 0 0 0 0 0 0 0 0 0 0
100000 9 50 10 16 ftwSNF 0.167846 15272 12694 0.0166194715837 6.19 1028 1.1 1988 0.96 5092 1.02 1988 4.84 1028 119.3 4148
100000 9 50 10 1 ftwSNF 0.287186 15272 12694 0.0166194715837 3.12 1028 0.35 1988 0.33 5092 0.42 1988 2.91 1028 50.56 4148
100000 9 50 10 4 ftwSNF 0.117099 15272 12694 0.0166194715837 3.62 1028 0.52 1988 0.46 5092 0.46 1988 3.41 1028 55.94 4148
100000 9 50 10 8 ftwSNF 0.150681 15272 12694 0.0166194715837 3.95 1028 0.66 1988 0.7 5092 0.75 1988 4.31 1028 73.28 4148
100000 8 100 100 0 fswSNF 0.666014 0 6475 0.0756241099542 0 0 0 0 0 0 0 0 0 0 0 0
100000 8 100 100 16 ftwSNF 0.100849 7732 6475 0.0756241099542 139.02 516 42.2 960 49.97 2688 35.46 960 181.59 516 500.68 2092
100000 8 100 100 1 ftwSNF 0.70353 7732 6475 0.0756241099542 66.38 516 22.93 960 26.24 2688 19.11 960 72.61 516 229.21 2092
100000 8 100 100 4 ftwSNF 0.209008 7732 6475 0.0756241099542 79.57 516 27.94 960 30.28 2688 22.53 960 83.54 516 258.3 2092
100000 8 100 100 8 ftwSNF 0.130518 7732 6475 0.0756241099542 92.85 516 30.26 960 34.54 2688 24.98 960 102.04 516 323.73 2092
100000 7 200 100 0 fswSNF 1.185816 0 3336 0.0944718744757 0 0 0 0 0 0 0 0 0 0 0 0
100000 7 200 100 16 ftwSNF 0.164456 3740 3336 0.0943051583935 285.28 256 47.36 444 50.1 1264 44.66 444 362.94 256 2057.85 1076
100000 7 200 100 1 ftwSNF 1.209271 3740 3336 0.0944718744757 134.75 256 23.38 444 26.39 1264 20.64 444 151.1 256 985.58 1076
100000 7 200 100 4 ftwSNF 0.400877 3740 3336 0.0945794903775 167.24 256 27.29 444 28.84 1264 24.98 444 183.0 256 1310.0 1076
100000 7 200 100 8 ftwSNF 0.232969 3740 3336 0.0944718744757 183.75 256 33.41 444 37.11 1264 29.72 444 215.48 256 1508.3 1076
100000 7 300 100 0 fswSNF 1.185587 0 3336 0.0944718744757 0 0 0 0 0 0 0 0 0 0 0 0
100000 7 300 100 16 ftwSNF 0.165831 3740 3336 0.0941761639573 290.2 256 49.68 444 53.02 1264 41.7 444 336.18 256 2079.55 1076
100000 7 300 100 1 ftwSNF 1.206084 3740 3336 0.0944718744757 134.12 256 23.45 444 26.28 1264 20.51 444 150.3 256 983.01 1076
100000 7 300 100 4 ftwSNF 0.40426 3740 3336 0.0944718744757 167.85 256 27.92 444 29.03 1264 24.84 444 182.93 256 1322.89 1076
100000 7 300 100 8 ftwSNF 0.231779 3740 3336 0.0944718744757 181.97 256 33.65 444 34.56 1264 28.88 444 207.12 256 1503.68 1076
100000 7 300 10 0 fswSNF 1.075558 0 3336 0.0921629474528 0 0 0 0 0 0 0 0 0 0 0 0
100000 7 300 10 16 ftwSF 0.035398 2664 3336 0.108444673898 26.49 256 1.16 444 1.03 1264 0.99 444 20.6 256 0 0
100000 7 300 10 1 ftwSF 0.024511 2664 3336 0.108434949911 13.13 256 0.35 444 0.32 1264 0.38 444 12.25 256 0 0
100000 7 300 10 4 ftwSF 0.028058 2664 3336 0.108434949911 17.1 256 0.56 444 0.45 1264 0.48 444 15.72 256 0 0
100000 7 300 10 8 ftwSF 0.036277 2664 3336 0.108434949911 21.28 256 0.84 444 0.72 1264 0.72 444 17.4 256 0 0
100000 7 300 10 16 ftwSN 0.149945 1076 2432 1.11509346434 0 0 0 0 0 0 0 0 0 0 1995.81 1076
100000 7 300 10 1 ftwSN 1.064095 1076 2432 1.11509346434 0 0 0 0 0 0 0 0 0 0 981.75 1076
100000 7 300 10 4 ftwSN 0.360446 1076 2432 1.11509346434 0 0 0 0 0 0 0 0 0 0 1316.08 1076
100000 7 300 10 8 ftwSN 0.208695 1076 2432 1.11509336203 0 0 0 0 0 0 0 0 0 0 1490.43 1076
100000 7 300 10 0 fswSF 0.019898 0 3336 0.108434949911 0 0 0 0 0 0 0 0 0 0 0 0
100000 7 300 10 0 fswSN 1.059982 0 2432 1.11509346434 0 0 0 0 0 0 0 0 0 0 0 0
100000 7 300 20 0 fswSF 0.027399 0 3336 0.108435868388 0 0 0 0 0 0 0 0 0 0 0 0
100000 7 300 20 0 fswSN 1.060945 0 2432 1.11509702756 0 0 0 0 0 0 0 0 0 0 0 0
100000 7 300 20 16 ftwSF 0.035596 2664 3336 0.108409153441 69.62 256 1.9 444 1.88 1264 1.58 444 48.73 256 0 0
100000 7 300 20 1 ftwSF 0.032475 2664 3336 0.108435868388 25.88 256 0.93 444 0.91 1264 0.9 444 25.71 256 0 0
100000 7 300 20 4 ftwSF 0.029315 2664 3336 0.108435868388 32.35 256 1.17 444 1.08 1264 1.04 444 34.76 256 0 0
100000 7 300 20 8 ftwSF 0.04236 2664 3336 0.108435868388 41.39 256 1.48 444 1.41 1264 1.28 444 37.24 256 0 0
100000 7 300 20 16 ftwSN 0.150763 1076 2432 1.11509702756 0 0 0 0 0 0 0 0 0 0 1999.98 1076
100000 7 300 20 1 ftwSN 1.065722 1076 2432 1.11509702756 0 0 0 0 0 0 0 0 0 0 983.76 1076
100000 7 300 20 4 ftwSN 0.362774 1076 2432 1.11509702756 0 0 0 0 0 0 0 0 0 0 1324.81 1076
100000 7 300 20 8 ftwSN 0.209898 1076 2432 1.11509702756 0 0 0 0 0 0 0 0 0 0 1500.81 1076
100000 7 300 50 0 fswSF 0.066159 0 3336 0.108432038721 0 0 0 0 0 0 0 0 0 0 0 0
100000 7 300 50 0 fswSN 1.066302 0 2432 1.11509703012 0 0 0 0 0 0 0 0 0 0 0 0
100000 7 300 50 16 ftwSF 0.036213 2664 3336 0.108421877617 197.85 256 8.71 444 10.67 1264 6.28 444 201.9 256 0 0
100000 7 300 50 1 ftwSF 0.070999 2664 3336 0.108432038721 78.38 256 5.49 444 6.48 1264 5.0 444 82.59 256 0 0
100000 7 300 50 4 ftwSF 0.032283 2664 3336 0.108432038721 91.24 256 6.33 444 6.92 1264 5.98 444 98.95 256 0 0
100000 7 300 50 8 ftwSF 0.043222 2664 3336 0.108432038721 121.24 256 7.08 444 8.17 1264 5.34 444 132.06 256 0 0
100000 7 300 50 16 ftwSN 0.152202 1076 2432 1.11509703012 0 0 0 0 0 0 0 0 0 0 1996.22 1076
100000 7 300 50 1 ftwSN 1.065539 1076 2432 1.11509703012 0 0 0 0 0 0 0 0 0 0 983.48 1076
100000 7 300 50 4 ftwSN 0.360469 1076 2432 1.11509703012 0 0 0 0 0 0 0 0 0 0 1315.13 1076
100000 7 300 50 8 ftwSN 0.208917 1076 2432 1.11509703012 0 0 0 0 0 0 0 0 0 0 1503.1 1076
100000 7 300 100 0 fswSF 0.133781 0 3336 0.11637612191 0 0 0 0 0 0 0 0 0 0 0 0
100000 7 300 100 0 fswSN 1.057688 0 2432 1.12035716195 0 0 0 0 0 0 0 0 0 0 0 0
100000 7 300 100 16 ftwSF 0.04126 2664 3336 0.116329455926 399.71 256 45.72 444 41.56 1264 31.76 444 478.31 256 0 0
100000 7 300 100 1 ftwSF 0.147141 2664 3336 0.11637612191 136.67 256 24.04 444 26.94 1264 21.02 444 152.23 256 0 0
100000 7 300 100 4 ftwSF 0.05147 2664 3336 0.11637612191 165.28 256 27.22 444 29.2 1264 25.27 444 183.56 256 0 0
100000 7 300 100 8 ftwSF 0.03746 2664 3336 0.11637612191 209.45 256 30.12 444 31.95 1264 27.36 444 225.09 256 0 0
100000 7 300 100 16 ftwSN 0.145391 1076 2432 1.12035716195 0 0 0 0 0 0 0 0 0 0 2005.78 1076
100000 7 300 100 1 ftwSN 1.064433 1076 2432 1.12035716195 0 0 0 0 0 0 0 0 0 0 983.17 1076
100000 7 300 100 4 ftwSN 0.36392 1076 2432 1.12035716195 0 0 0 0 0 0 0 0 0 0 1327.69 1076
100000 7 300 100 8 ftwSN 0.210609 1076 2432 1.12035703504 0 0 0 0 0 0 0 0 0 0 1512.69 1076
100000 9 50 20 0 fswSN 0.218486 0 8702 1.04398897609 0 0 0 0 0 0 0 0 0 0 0 0
100000 9 50 20 16 ftwSN 0.042226 4148 8702 1.04398897609 0 0 0 0 0 0 0 0 0 0 120.8 4148
100000 9 50 20 1 ftwSN 0.224838 4148 8702 1.04398897609 0 0 0 0 0 0 0 0 0 0 50.29 4148
100000 9 50 20 4 ftwSN 0.071593 4148 8702 1.04398897609 0 0 0 0 0 0 0 0 0 0 56.82 4148
100000 9 50 20 8 ftwSN 0.050076 4148 8702 1.04398897609 0 0 0 0 0 0 0 0 0 0 72.36 4148
100000 8 100 10 0 fswSN 0.490562 0 4539 1.07343130462 0 0 0 0 0 0 0 0 0 0 0 0
100000 8 100 10 16 ftwSN 0.071309 2092 4539 1.07343130462 0 0 0 0 0 0 0 0 0 0 485.99 2092
100000 8 100 10 1 ftwSN 0.493457 2092 4539 1.07343130462 0 0 0 0 0 0 0 0 0 0 231.18 2092
100000 8 100 10 4 ftwSN 0.142863 2092 4539 1.07343130462 0 0 0 0 0 0 0 0 0 0 259.7 2092
100000 8 100 10 8 ftwSN 0.091038 2092 4539 1.07343130462 0 0 0 0 0 0 0 0 0 0 319.17 2092
100000 8 100 20 0 fswSN 0.488194 0 4539 1.07343369748 0 0 0 0 0 0 0 0 0 0 0 0
100000 8 100 20 16 ftwSN 0.071405 2092 4539 1.07343369748 0 0 0 0 0 0 0 0 0 0 485.75 2092
100000 8 100 20 1 ftwSN 0.49263 2092 4539 1.07343369748 0 0 0 0 0 0 0 0 0 0 230.51 2092
100000 8 100 20 4 ftwSN 0.142736 2092 4539 1.07343369748 0 0 0 0 0 0 0 0 0 0 259.8 2092
100000 8 100 20 8 ftwSN 0.091026 2092 4539 1.07343369748 0 0 0 0 0 0 0 0 0 0 318.5 2092
100000 8 100 50 0 fswSN 0.486137 0 4539 1.07343369819 0 0 0 0 0 0 0 0 0 0 0 0
100000 8 100 50 16 ftwSN 0.070803 2092 4539 1.07343369819 0 0 0 0 0 0 0 0 0 0 485.55 2092
100000 8 100 50 1 ftwSN 0.490896 2092 4539 1.07343369819 0 0 0 0 0 0 0 0 0 0 229.54 2092
100000 8 100 50 4 ftwSN 0.142455 2092 4539 1.07343369819 0 0 0 0 0 0 0 0 0 0 258.93 2092
100000 8 100 50 8 ftwSN 0.091176 2092 4539 1.07343369819 0 0 0 0 0 0 0 0 0 0 318.27 2092
100000 9 50 20 0 fswSF 0.061449 0 12694 0.033542456012 0 0 0 0 0 0 0 0 0 0 0 0
100000 9 50 20 16 ftwSF 0.203532 11124 12694 0.033542456012 10.43 1028 1.76 1988 1.7 5092 1.57 1988 10.4 1028 0 0
100000 9 50 20 1 ftwSF 0.079871 11124 12694 0.033542456012 6.18 1028 0.91 1988 0.88 5092 0.91 1988 5.84 1028 0 0
100000 9 50 20 4 ftwSF 0.109238 11124 12694 0.033542456012 7.58 1028 1.14 1988 1.06 5092 1.08 1988 7.39 1028 0 0
100000 9 50 20 8 ftwSF 0.143993 11124 12694 0.033542456012 9.3 1028 1.42 1988 1.34 5092 1.29 1988 9.66 1028 0 0
100000 8 100 10 0 fswSF 0.028885 0 6475 0.0491434634027 0 0 0 0 0 0 0 0 0 0 0 0
100000 8 100 10 16 ftwSF 0.070425 5640 6475 0.0491434634027 12.2 516 1.14 960 1.0 2688 1.0 960 9.34 516 0 0
100000 8 100 10 1 ftwSF 0.039016 5640 6475 0.0491434634027 6.37 516 0.37 960 0.32 2688 0.39 960 5.88 516 0 0
100000 8 100 10 4 ftwSF 0.054662 5640 6475 0.0491434634027 8.24 516 0.53 960 0.45 2688 0.49 960 7.54 516 0 0
100000 8 100 10 8 ftwSF 0.07156 5640 6475 0.0491434634027 11.2 516 0.82 960 0.68 2688 0.72 960 8.37 516 0 0
100000 8 100 20 0 fswSF 0.038915 0 6475 0.0491430152641 0 0 0 0 0 0 0 0 0 0 0 0
100000 8 100 20 16 ftwSF 0.071588 5640 6475 0.0491430152641 23.65 516 1.82 960 1.78 2688 1.56 960 21.9 516 0 0
100000 8 100 20 1 ftwSF 0.048215 5640 6475 0.0491430152641 12.62 516 0.93 960 0.89 2688 0.93 960 12.33 516 0 0
100000 8 100 20 4 ftwSF 0.055728 5640 6475 0.0491430152641 15.14 516 1.15 960 1.06 2688 1.04 960 15.61 516 0 0
100000 8 100 20 8 ftwSF 0.073157 5640 6475 0.0491430152641 19.06 516 1.44 960 1.36 2688 1.26 960 19.4 516 0 0
100000 8 100 50 0 fswSF 0.11096 0 6475 0.0491368408187 0 0 0 0 0 0 0 0 0 0 0 0
100000 8 100 50 16 ftwSF 0.070138 5640 6475 0.0491368408187 97.51 516 7.35 960 9.17 2688 5.76 960 97.2 516 0 0
100000 8 100 50 1 ftwSF 0.10105 5640 6475 0.0491368408187 39.46 516 5.32 960 6.15 2688 4.83 960 41.04 516 0 0
100000 8 100 50 4 ftwSF 0.059617 5640 6475 0.0491368408187 45.23 516 5.69 960 6.01 2688 5.12 960 49.32 516 0 0
100000 8 100 50 8 ftwSF 0.07183 5640 6475 0.0491368408187 61.65 516 6.14 960 7.19 2688 5.4 960 64.73 516 0 0
100000 7 200 10 0 fswSF 0.019701 0 3336 0.108434949911 0 0 0 0 0 0 0 0 0 0 0 0
100000 7 200 10 16 ftwSF 0.03603 2664 3336 0.108437420157 28.24 256 1.11 444 1.0 1264 0.99 444 21.38 256 0 0
100000 7 200 10 1 ftwSF 0.023304 2664 3336 0.108434949911 13.13 256 0.35 444 0.32 1264 0.4 444 12.29 256 0 0
100000 7 200 10 4 ftwSF 0.027928 2664 3336 0.108434949911 17.03 256 0.56 444 0.46 1264 0.48 444 16.22 256 0 0
100000 7 200 10 8 ftwSF 0.035796 2664 3336 0.108434949911 21.8 256 0.84 444 0.7 1264 0.68 444 17.37 256 0 0
100000 7 200 20 1 ftwSF 0.032269 2664 3336 0.108435868388 25.9 256 0.93 444 0.92 1264 0.91 444 25.8 256 0 0
100000 7 200 20 4 ftwSF 0.029577 2664 3336 0.108435868388 32.38 256 1.19 444 1.09 1264 1.06 444 34.23 256 0 0
100000 7 200 20 8 ftwSF 0.037433 2664 3336 0.108435868388 41.6 256 1.48 444 1.39 1264 1.28 444 37.51 256 0 0
100000 6 400 10 0 fswSF 0.013898 0 1725 0.284360587429 0 0 0 0 0 0 0 0 0 0 0 0
100000 6 400 10 16 ftwSF 0.01607 1048 1725 0.280372077149 84.29 120 1.16 188 1.07 432 1.02 188 56.84 120 0 0
100000 6 400 10 1 ftwSF 0.015758 1048 1725 0.284360587429 27.73 120 0.33 188 0.34 432 0.4 188 25.95 120 0 0
100000 6 400 10 4 ftwSF 0.013411 1048 1725 0.284360587429 38.4 120 0.55 188 0.5 432 0.56 188 35.74 120 0 0
100000 6 400 10 8 ftwSF 0.016056 1048 1725 0.284341662204 48.34 120 0.85 188 0.77 432 0.76 188 32.76 120 0 0
100000 8 100 100 0 fswSF 0.18662 0 6475 0.0529475365339 0 0 0 0 0 0 0 0 0 0 0 0
100000 8 100 100 0 fswSN 0.485606 0 4539 1.11538929656 0 0 0 0 0 0 0 0 0 0 0 0
100000 8 100 100 16 ftwSF 0.072798 5640 6475 0.0529475365339 205.81 516 26.18 960 33.74 2688 31.71 960 232.37 516 0 0
100000 8 100 100 1 ftwSF 0.223585 5640 6475 0.0529475365339 68.18 516 23.52 960 26.93 2688 20.0 960 74.99 516 0 0
100000 8 100 100 4 ftwSF 0.080032 5640 6475 0.0529475365339 77.62 516 25.81 960 28.93 2688 22.67 960 83.95 516 0 0
100000 8 100 100 8 ftwSF 0.068594 5640 6475 0.0529475365339 100.79 516 23.07 960 26.63 2688 27.48 960 115.63 516 0 0
100000 8 100 100 16 ftwSN 0.071086 2092 4539 1.11538929656 0 0 0 0 0 0 0 0 0 0 485.28 2092
100000 8 100 100 1 ftwSN 0.488406 2092 4539 1.11538929656 0 0 0 0 0 0 0 0 0 0 228.46 2092
100000 8 100 100 4 ftwSN 0.142565 2092 4539 1.11538929656 0 0 0 0 0 0 0 0 0 0 258.73 2092
100000 8 100 100 8 ftwSN 0.092292 2092 4539 1.11538929656 0 0 0 0 0 0 0 0 0 0 318.96 2092
100000 7 200 10 0 fswSN 1.058541 0 2432 1.11509346434 0 0 0 0 0 0 0 0 0 0 0 0
100000 7 200 10 16 ftwSN 0.150543 1076 2432 1.11509346434 0 0 0 0 0 0 0 0 0 0 2010.14 1076
100000 7 200 10 1 ftwSN 1.064564 1076 2432 1.11509346434 0 0 0 0 0 0 0 0 0 0 983.21 1076
100000 7 200 10 4 ftwSN 0.362149 1076 2432 1.11509346434 0 0 0 0 0 0 0 0 0 0 1325.51 1076
100000 7 200 10 8 ftwSN 0.206661 1076 2432 1.11509346434 0 0 0 0 0 0 0 0 0 0 1490.6 1076
100000 7 200 20 0 fswSN 1.064371 0 2432 1.11509702756 0 0 0 0 0 0 0 0 0 0 0 0
100000 7 200 20 16 ftwSN 0.149247 1076 2432 1.11509702756 0 0 0 0 0 0 0 0 0 0 1993.91 1076
100000 7 200 20 1 ftwSN 1.065584 1076 2432 1.11509702756 0 0 0 0 0 0 0 0 0 0 983.68 1076
100000 7 200 20 4 ftwSN 0.360321 1076 2432 1.11509702756 0 0 0 0 0 0 0 0 0 0 1314.57 1076
100000 7 200 20 8 ftwSN 0.206873 1076 2432 1.11509686267 0 0 0 0 0 0 0 0 0 0 1485.95 1076
100000 7 200 50 0 fswSN 1.062457 0 2432 1.11509703012 0 0 0 0 0 0 0 0 0 0 0 0
100000 7 200 50 16 ftwSN 0.146267 1076 2432 1.11509703012 0 0 0 0 0 0 0 0 0 0 1999.35 1076
100000 7 200 50 1 ftwSN 1.063761 1076 2432 1.11509703012 0 0 0 0 0 0 0 0 0 0 982.52 1076
100000 7 200 50 4 ftwSN 0.363372 1076 2432 1.11509703012 0 0 0 0 0 0 0 0 0 0 1331.12 1076
100000 7 200 50 8 ftwSN 0.206747 1076 2432 1.11509703012 0 0 0 0 0 0 0 0 0 0 1481.88 1076
100000 7 200 100 0 fswSF 0.13199 0 3336 0.11637612191 0 0 0 0 0 0 0 0 0 0 0 0
100000 7 200 100 0 fswSN 1.064728 0 2432 1.12035716195 0 0 0 0 0 0 0 0 0 0 0 0
100000 7 200 100 16 ftwSF 0.041455 2664 3336 0.11637612191 399.65 256 43.81 444 40.51 1264 32.59 444 476.84 256 0 0
100000 7 200 100 1 ftwSF 0.145028 2664 3336 0.11637612191 136.58 256 23.74 444 26.5 1264 20.98 444 150.6 256 0 0
100000 7 200 100 4 ftwSF 0.051394 2664 3336 0.11637612191 163.41 256 27.04 444 29.02 1264 25.45 444 182.45 256 0 0
100000 7 200 100 8 ftwSF 0.043609 2664 3336 0.11637612191 207.93 256 29.41 444 31.35 1264 26.99 444 230.61 256 0 0
100000 7 200 100 16 ftwSN 0.155523 1076 2432 1.12035716195 0 0 0 0 0 0 0 0 0 0 2005.54 1076
100000 7 200 100 1 ftwSN 1.065517 1076 2432 1.12035716195 0 0 0 0 0 0 0 0 0 0 982.75 1076
100000 7 200 100 4 ftwSN 0.363138 1076 2432 1.12035598172 0 0 0 0 0 0 0 0 0 0 1329.49 1076
100000 7 200 100 8 ftwSN 0.207944 1076 2432 1.1203567105 0 0 0 0 0 0 0 0 0 0 1492.1 1076
100000 6 400 10 0 fswSN 3.844663 0 1333 1.17490567772 0 0 0 0 0 0 0 0 0 0 0 0
100000 6 400 10 16 ftwSN 0.39285 560 1333 1.17490567772 0 0 0 0 0 0 0 0 0 0 10703.42 560
100000 6 400 10 1 ftwSN 3.853884 560 1333 1.17490567772 0 0 0 0 0 0 0 0 0 0 6868.56 560
100000 6 400 10 4 ftwSN 1.381143 560 1333 1.17490567772 0 0 0 0 0 0 0 0 0 0 9633.24 560
100000 6 400 10 8 ftwSN 0.73175 560 1333 1.17490507137 0 0 0 0 0 0 0 0 0 0 9963.67 560
100000 6 400 20 0 fswSN 3.844121 0 1333 1.17491088221 0 0 0 0 0 0 0 0 0 0 0 0
100000 6 400 20 16 ftwSN 0.408493 560 1333 1.17491088221 0 0 0 0 0 0 0 0 0 0 10651.32 560
100000 6 400 20 1 ftwSN 3.849807 560 1333 1.17491088221 0 0 0 0 0 0 0 0 0 0 6861.44 560
100000 6 400 20 4 ftwSN 1.381884 560 1333 1.17491088221 0 0 0 0 0 0 0 0 0 0 9642.86 560
100000 6 400 20 8 ftwSN 0.727616 560 1333 1.17491010919 0 0 0 0 0 0 0 0 0 0 10004.4 560
100000 6 400 50 0 fswSN 3.844661 0 1333 1.17491089007 0 0 0 0 0 0 0 0 0 0 0 0
100000 6 400 50 16 ftwSN 0.40302 560 1333 1.17491066033 0 0 0 0 0 0 0 0 0 0 10692.1 560
100000 6 400 50 1 ftwSN 3.849058 560 1333 1.17491089007 0 0 0 0 0 0 0 0 0 0 6860.29 560
100000 6 400 50 4 ftwSN 1.381347 560 1333 1.17491089007 0 0 0 0 0 0 0 0 0 0 9635.8 560
100000 6 400 50 8 ftwSN 0.720064 560 1333 1.17491089007 0 0 0 0 0 0 0 0 0 0 9990.77 560
100000 6 400 100 0 fswSF 0.100996 0 1725 0.289309808008 0 0 0 0 0 0 0 0 0 0 0 0
100000 6 400 100 16 ftwSF 0.025017 1048 1725 0.288642502673 898.64 120 66.05 188 74.95 432 51.91 188 938.02 120 0 0
100000 6 400 100 1 ftwSF 0.10312 1048 1725 0.289309808008 279.71 120 24.99 188 27.78 432 23.69 188 319.61 120 0 0
100000 6 400 100 4 ftwSF 0.036449 1048 1725 0.289309808008 360.47 120 30.02 188 30.87 432 27.32 188 397.55 120 0 0
100000 6 400 100 8 ftwSF 0.025373 1048 1725 0.289167601781 467.64 120 35.86 188 36.89 432 31.12 188 504.65 120 0 0
100000 6 400 100 1 ftwSN 3.85195 560 1333 1.19584218266 0 0 0 0 0 0 0 0 0 0 6864.69 560
100000 6 400 100 0 fswSN 4.172071 0 1333 1.19584218266 0 0 0 0 0 0 0 0 0 0 0 0
100000 6 400 100 16 ftwSN 0.399926 560 1333 1.19584218266 0 0 0 0 0 0 0 0 0 0 10677.4 560
100000 6 400 100 4 ftwSN 1.381719 560 1333 1.19584218266 0 0 0 0 0 0 0 0 0 0 9640.93 560
100000 6 400 100 8 ftwSN 0.755893 560 1333 1.19583971116 0 0 0 0 0 0 0 0 0 0 9960.78 560
100000 9 50 10 0 fswSF 0.049681 0 12694 0.0335439301898 0 0 0 0 0 0 0 0 0 0 0 0
100000 9 50 10 0 fswSN 0.216247 0 8702 1.04398750848 0 0 0 0 0 0 0 0 0 0 0 0
100000 9 50 10 16 ftwSF 0.145633 11124 12694 0.0335439301898 6.09 1028 1.1 1988 0.97 5092 1.0 1988 4.83 1028 0 0
100000 9 50 10 1 ftwSF 0.065628 11124 12694 0.0335439301898 3.24 1028 0.35 1988 0.33 5092 0.43 1988 2.94 1028 0 0
100000 9 50 10 4 ftwSF 0.109207 11124 12694 0.0335439301898 4.58 1028 0.55 1988 0.46 5092 0.49 1988 3.67 1028 0 0
100000 9 50 10 8 ftwSF 0.141361 11124 12694 0.0335439301898 5.37 1028 0.81 1988 0.68 5092 0.73 1988 4.24 1028 0 0
100000 9 50 10 16 ftwSN 0.041935 4148 8702 1.04398750848 0 0 0 0 0 0 0 0 0 0 120.13 4148
100000 9 50 10 1 ftwSN 0.229323 4148 8702 1.04398750848 0 0 0 0 0 0 0 0 0 0 51.75 4148
100000 9 50 10 4 ftwSN 0.071154 4148 8702 1.04398750848 0 0 0 0 0 0 0 0 0 0 57.59 4148
100000 9 50 10 8 ftwSN 0.05001 4148 8702 1.04398750848 0 0 0 0 0 0 0 0 0 0 72.88 4148
100000 9 50 50 0 fswSF 0.126798 0 12694 0.0335351162209 0 0 0 0 0 0 0 0 0 0 0 0
100000 9 50 50 0 fswSN 0.216829 0 8702 1.04398897951 0 0 0 0 0 0 0 0 0 0 0 0
100000 9 50 50 16 ftwSF 0.136705 11124 12694 0.0335351162209 39.52 1028 6.58 1988 8.27 5092 5.86 1988 50.58 1028 0 0
100000 9 50 50 1 ftwSF 0.153871 11124 12694 0.0335351162209 19.9 1028 5.23 1988 6.0 5092 4.68 1988 20.38 1028 0 0
100000 9 50 50 4 ftwSF 0.11198 11124 12694 0.0335351162209 22.41 1028 5.44 1988 5.69 5092 5.08 1988 24.02 1028 0 0
100000 9 50 50 8 ftwSF 0.139265 11124 12694 0.0335351162209 30.2 1028 5.93 1988 6.67 5092 5.43 1988 32.14 1028 0 0
100000 9 50 50 16 ftwSN 0.042165 4148 8702 1.04398897951 0 0 0 0 0 0 0 0 0 0 120.02 4148
100000 9 50 50 1 ftwSN 0.224644 4148 8702 1.04398897951 0 0 0 0 0 0 0 0 0 0 50.19 4148
100000 9 50 50 4 ftwSN 0.071344 4148 8702 1.04398897951 0 0 0 0 0 0 0 0 0 0 56.6 4148
100000 9 50 50 8 ftwSN 0.050703 4148 8702 1.04398897951 0 0 0 0 0 0 0 0 0 0 72.56 4148
100000 9 50 100 0 fswSF 0.282408 0 12694 0.0540924032147 0 0 0 0 0 0 0 0 0 0 0 0
100000 9 50 100 0 fswSN 0.21675 0 8702 1.06044726095 0 0 0 0 0 0 0 0 0 0 0 0
100000 9 50 100 16 ftwSF 0.133468 11124 12694 0.0540924032147 101.6 1028 22.6 1988 29.47 5092 30.23 1988 111.59 1028 0 0
100000 9 50 100 1 ftwSF 0.345551 11124 12694 0.0540924032147 32.68 1028 22.49 1988 25.75 5092 17.94 1988 33.58 1028 0 0
100000 9 50 100 4 ftwSF 0.131514 11124 12694 0.0540924032147 36.9 1028 23.39 1988 26.65 5092 20.97 1988 38.1 1028 0 0
100000 9 50 100 8 ftwSF 0.129621 11124 12694 0.0540924032147 49.66 1028 21.04 1988 24.66 5092 26.42 1988 56.03 1028 0 0
100000 9 50 100 16 ftwSN 0.042215 4148 8702 1.06044726095 0 0 0 0 0 0 0 0 0 0 120.65 4148
100000 9 50 100 1 ftwSN 0.222911 4148 8702 1.06044726095 0 0 0 0 0 0 0 0 0 0 49.81 4148
100000 9 50 100 4 ftwSN 0.071484 4148 8702 1.06044726095 0 0 0 0 0 0 0 0 0 0 56.81 4148
100000 9 50 100 8 ftwSN 0.050476 4148 8702 1.06044726095 0 0 0 0 0 0 0 0 0 0 72.8 4148
100000 7 200 20 0 fswSF 0.02794 0 3336 0.108435868388 0 0 0 0 0 0 0 0 0 0 0 0
100000 7 200 20 16 ftwSF 0.03517 2664 3336 0.108434626488 65.58 256 1.94 444 1.89 1264 1.56 444 53.39 256 0 0
100000 7 200 50 0 fswSF 0.065746 0 3336 0.108432038721 0 0 0 0 0 0 0 0 0 0 0 0
100000 7 200 50 16 ftwSF 0.037153 2664 3336 0.108431949034 196.71 256 8.89 444 10.58 1264 6.16 444 200.18 256 0 0
100000 7 200 50 1 ftwSF 0.072629 2664 3336 0.108432038721 78.5 256 5.58 444 6.51 1264 5.08 444 83.06 256 0 0
100000 7 200 50 4 ftwSF 0.032143 2664 3336 0.108432038721 91.22 256 6.27 444 6.88 1264 5.85 444 99.4 256 0 0
100000 7 200 50 8 ftwSF 0.037403 2664 3336 0.108403846279 122.52 256 7.05 444 8.36 1264 5.32 444 129.41 256 0 0
100000 6 400 20 0 fswSF 0.021793 0 1725 0.284363204265 0 0 0 0 0 0 0 0 0 0 0 0
100000 6 400 20 16 ftwSF 0.016053 1048 1725 0.284356888185 179.68 120 2.42 188 2.21 432 1.58 188 84.57 120 0 0
100000 6 400 20 1 ftwSF 0.02494 1048 1725 0.284363204265 54.83 120 0.94 188 1.03 432 1.01 188 59.69 120 0 0
100000 6 400 20 4 ftwSF 0.014097 1048 1725 0.284363204265 68.55 120 1.28 188 1.23 432 1.12 188 76.54 120 0 0
100000 6 400 20 8 ftwSF 0.0169 1048 1725 0.284183236823 90.85 120 1.6 188 1.57 432 1.3 188 81.16 120 0 0
100000 6 400 50 0 fswSF 0.053453 0 1725 0.284360858007 0 0 0 0 0 0 0 0 0 0 0 0
100000 6 400 50 16 ftwSF 0.017397 1048 1725 0.284360858007 421.48 120 13.12 188 14.79 432 7.03 188 399.15 120 0 0
100000 6 400 50 1 ftwSF 0.055265 1048 1725 0.284360858007 163.78 120 6.02 188 7.22 432 5.66 188 175.03 120 0 0
100000 6 400 50 4 ftwSF 0.021281 1048 1725 0.284360858007 201.96 120 7.21 188 8.56 432 6.64 188 213.55 120 0 0
100000 6 400 50 8 ftwSF 0.017165 1048 1725 0.284288655898 262.89 120 8.96 188 10.96 432 7.54 188 273.59 120 0 0
100000 6 400 100 16 ftwSNF 0 0 0 0 0 0 0 0 0 0 0 0 0 0 0 0
100000 6 400 100 1 ftwSNF 0 0 0 0 0 0 0 0 0 0 0 0 0 0 0 0
100000 6 400 100 4 ftwSNF 0 0 0 0 0 0 0 0 0 0 0 0 0 0 0 0
100000 6 400 100 8 ftwSNF 0 0 0 0 0 0 0 0 0 0 0 0 0 0 0 0
