100000 8 100 10 0 fswS 0.533343 0 6475 0.0373669651938 0 0 0 0 0 0 0 0 0 0 0 0
100000 8 100 10 1 ftwS 0.546205 7732 6475 0.0373669651938 6.14 516 0.37 960 0.33 2688 5.79 516 0.38 960 230.84 2092
100000 8 100 10 4 ftwS 0.168242 7732 6475 0.0373669651938 7.31 516 0.53 960 0.49 2688 6.99 516 0.47 960 257.76 2092
100000 8 100 10 8 ftwS 0.107728 7732 6475 0.0373669651938 7.89 516 0.58 960 0.54 2688 7.57 516 0.51 960 323.46 2092
100000 7 200 10 1 ftwS 1.093111 3740 3336 0.0921629474528 12.54 256 0.37 444 0.33 1264 12.19 256 0.38 444 981.89 1076
100000 7 200 10 4 ftwS 0.368189 3740 3336 0.0921636499068 14.86 256 0.48 444 0.43 1264 15.51 256 0.5 444 1300.84 1076
100000 7 200 10 8 ftwS 0.215611 3740 3336 0.0921629474528 15.68 256 0.57 444 0.52 1264 16.5 256 0.55 444 1493.76 1076
100000 6 400 10 1 ftwS 3.864788 1608 1725 0.234197584243 26.27 120 0.35 188 0.36 432 25.75 120 0.4 188 6861.53 560
100000 6 400 10 4 ftwS 1.398046 1608 1725 0.234197584243 32.83 120 0.54 188 0.51 432 32.26 120 0.51 188 9638.96 560
100000 8 100 20 1 ftwS 0.555134 7732 6475 0.0373697764323 12.3 516 0.92 960 0.9 2688 12.19 516 0.9 960 230.66 2092
100000 8 100 20 4 ftwS 0.170751 7732 6475 0.0373697764323 14.46 516 1.22 960 1.21 2688 14.09 516 1.08 960 257.98 2092
100000 6 400 10 0 fswS 3.875863 0 1725 0.234197584243 0 0 0 0 0 0 0 0 0 0 0 0
100000 6 400 10 8 ftwS 0.733821 1608 1725 0.234206854529 36.42 120 0.63 188 0.57 432 37.93 120 0.55 188 9955.59 560
100000 8 100 20 0 fswS 0.540357 0 6475 0.0373697764323 0 0 0 0 0 0 0 0 0 0 0 0
100000 8 100 20 8 ftwS 0.111577 7732 6475 0.0373697764323 15.98 516 1.33 960 1.31 2688 16.73 516 1.23 960 323.2 2092
100000 7 200 20 0 fswS 1.089686 0 3336 0.0921657174719 0 0 0 0 0 0 0 0 0 0 0 0
100000 7 200 20 1 ftwS 1.09958 3740 3336 0.0921657174719 25.21 256 0.94 444 0.93 1264 25.76 256 0.91 444 979.76 1076
100000 7 200 20 4 ftwS 0.373772 3740 3336 0.0921855621159 30.42 256 1.23 444 1.16 1264 32.93 256 1.14 444 1300.57 1076
100000 7 200 20 8 ftwS 0.219412 3740 3336 0.0921657174719 32.05 256 1.37 444 1.39 1264 33.01 256 1.23 444 1509.82 1076
100000 6 400 20 0 fswS 3.870183 0 1725 0.234199165427 0 0 0 0 0 0 0 0 0 0 0 0
100000 6 400 20 1 ftwS 3.872222 1608 1725 0.234199165427 53.37 120 0.93 188 1.01 432 56.11 120 0.92 188 6860.8 560
100000 6 400 20 4 ftwS 1.430489 1608 1725 0.234199165427 74.3 120 1.4 188 1.37 432 76.9 120 1.31 188 9741.99 560
100000 6 400 20 8 ftwS 0.736485 1608 1725 0.234199165427 71.83 120 1.59 188 1.54 432 80.13 120 1.33 188 9966.98 560
100000 8 100 10 16 ftwS 0.124036 7732 6475 0.0373669651938 11.58 516 0.88 960 0.94 2688 10.86 516 1.08 960 479.72 2092
100000 8 100 20 16 ftwS 0.126399 7732 6475 0.0373697764323 23.1 516 1.88 960 1.88 2688 24.25 516 1.66 960 480.83 2092
100000 7 200 10 16 ftwS 0.159486 3740 3336 0.0921629474528 21.93 256 0.81 444 0.67 1264 21.35 256 0.74 444 2021.83 1076
100000 7 200 20 16 ftwS 0.154396 3740 3336 0.0921657174719 50.38 256 2.02 444 1.86 1264 48.31 256 1.74 444 2031.15 1076
100000 6 400 10 16 ftwS 0.400427 1608 1725 0.23419804213 50.03 120 0.79 188 0.73 432 39.41 120 0.55 188 10735.53 560
100000 6 400 20 16 ftwS 0.411481 1608 1725 0.234199165427 91.43 120 2.01 188 1.92 432 99.78 120 1.79 188 10705.43 560
100000 8 100 50 0 fswS 0.590307 0 6475 0.0373742285456 0 0 0 0 0 0 0 0 0 0 0 0
100000 8 100 50 16 ftwS 0.115776 7732 6475 0.0373742285456 81.88 516 10.73 960 11.92 2688 103.53 516 7.11 960 480.14 2092
100000 8 100 50 1 ftwS 0.605973 7732 6475 0.0373742285456 39.31 516 5.32 960 6.11 2688 41.18 516 4.82 960 230.06 2092
100000 8 100 50 4 ftwS 0.184841 7732 6475 0.0373742285456 46.67 516 7.23 960 8.22 2688 47.19 516 5.95 960 256.87 2092
100000 8 100 50 8 ftwS 0.119876 7732 6475 0.0373742285456 54.77 516 7.83 960 9.49 2688 59.92 516 6.22 960 320.1 2092
100000 9 50 20 0 fswS 0.313978 0 12694 0.0166221733415 0 0 0 0 0 0 0 0 0 0 0 0
100000 9 50 20 16 ftwS 0.260725 15272 12694 0.0166221733415 10.58 1028 1.73 1988 1.72 5092 10.88 1028 1.58 1988 103.6 4148
100000 9 50 20 1 ftwS 0.338116 15272 12694 0.0166221733415 6.16 1028 0.92 1988 0.89 5092 5.94 1028 0.93 1988 50.98 4148
100000 9 50 20 4 ftwS 0.207423 15272 12694 0.0166221733415 6.83 1028 1.1 1988 1.14 5092 7.42 1028 1.1 1988 55.75 4148
100000 9 50 20 8 ftwS 0.282364 15272 12694 0.0166221733415 8.75 1028 1.4 1988 1.34 5092 9.67 1028 1.26 1988 73.18 4148
1000000 12 100 10 0 fswS 3.291633 0 99375 0.00195027361312 0 0 0 0 0 0 0 0 0 0 0 0
1000000 12 100 10 1 ftwS 3.511017 117456 99375 0.00195027361312 3.87 8232 0.36 16404 0.35 35176 3.7 8232 0.43 16404 79.08 33008
1000000 12 100 10 4 ftwS 1.396734 117456 99375 0.00195027361312 4.54 8232 0.55 16404 0.51 35176 4.39 8232 0.54 16404 88.72 33008
1000000 12 100 10 8 ftwS 1.996431 117456 99375 0.00195027361312 4.86 8232 0.66 16404 0.75 35176 5.6 8232 0.84 16404 116.07 33008
1000000 10 400 10 1 ftwS 17.705945 29916 25113 0.00805987779725 15.71 2060 0.43 4048 0.39 9432 15.92 2060 0.54 4048 2104.21 8268
1000000 11 200 10 0 fswS 0 0 0 0 0 0 0 0 0 0 0 0 0 0 0 0
1000000 11 200 10 1 ftwS 0 0 0 0 0 0 0 0 0 0 0 0 0 0 0 0
1000000 11 200 10 4 ftwS 0 0 0 0 0 0 0 0 0 0 0 0 0 0 0 0
1000000 11 200 10 8 ftwS 0 0 0 0 0 0 0 0 0 0 0 0 0 0 0 0
1000000 10 400 10 4 ftwS 6.496204 29916 25113 0.00805987779725 20.33 2060 0.69 4048 0.6 9432 18.89 2060 0.58 4048 3076.19 8268
1000000 12 100 20 0 fswS 4.4971 0 99375 0.00195423488379 0 0 0 0 0 0 0 0 0 0 0 0
1000000 12 100 20 1 ftwS 3.609503 117456 99375 0.00195423488379 7.57 8232 0.94 16404 0.92 35176 7.34 8232 0.94 16404 78.88 33008
1000000 12 100 20 4 ftwS 1.501216 117456 99375 0.00195423488379 8.61 8232 1.19 16404 1.17 35176 9.04 8232 1.12 16404 89.05 33008
1000000 12 100 20 8 ftwS 1.910994 117456 99375 0.00195423488379 9.51 8232 1.29 16404 1.36 35176 12.28 8232 1.37 16404 116.15 33008
1000000 11 200 20 0 fswS 6.473983 0 49940 0.00417858427013 0 0 0 0 0 0 0 0 0 0 0 0
1000000 11 200 20 1 ftwS 6.586141 59140 49940 0.00417858427013 15.5 4124 0.92 8172 0.93 18008 15.76 4124 0.94 8172 362.93 16540
1000000 11 200 20 4 ftwS 2.002234 59140 49940 0.00417858427013 18.88 4124 1.27 8172 1.27 18008 18.72 4124 1.11 8172 422.0 16540
1000000 11 200 20 8 ftwS 1.238382 59140 49940 0.00417858427013 20.04 4124 1.34 8172 1.36 18008 22.64 4124 1.28 8172 510.75 16540
1000000 10 400 10 0 fswS 17.614507 0 25113 0.00805987779725 0 0 0 0 0 0 0 0 0 0 0 0
1000000 10 400 20 1 ftwS 18.063725 29916 25113 0.00806299486623 31.39 2060 1.07 4048 1.07 9432 32.28 2060 1.09 4048 2137.74 8268
1000000 10 400 20 4 ftwS 6.55167 29916 25113 0.00806299486623 38.77 2060 1.49 4048 1.44 9432 37.25 2060 1.23 4048 3089.67 8268
1000000 10 400 10 8 ftwS 3.336699 29916 25113 0.00805987779725 21.25 2060 0.7 4048 0.64 9432 21.99 2060 0.49 4048 3133.82 8268
1000000 10 400 20 0 fswS 16.913626 0 25113 0.00806299486623 0 0 0 0 0 0 0 0 0 0 0 0
1000000 10 400 20 8 ftwS 3.341897 29916 25113 0.00806299486623 42.31 2060 1.54 4048 1.58 9432 38.36 2060 1.28 4048 3136.05 8268
1000000 12 100 10 16 ftwS 1.914169 117456 99375 0.00195027361312 7.61 8232 1.07 16404 0.97 35176 6.93 8232 1.06 16404 190.29 33008
1000000 12 100 20 16 ftwS 1.933152 117456 99375 0.00195423488379 13.34 8232 1.7 16404 1.59 35176 15.94 8232 1.63 16404 189.42 33008
1000000 11 200 10 16 ftwS 0 0 0 0 0 0 0 0 0 0 0 0 0 0 0 0
1000000 11 200 20 16 ftwS 0.97213 59140 49940 0.00417858427013 28.37 4124 1.81 8172 1.83 18008 32.06 4124 1.74 8172 791.52 16540
1000000 10 400 10 16 ftwS 1.861941 29916 25113 0.00805987779725 21.76 2060 0.72 4048 0.7 9432 24.8 2060 0.73 4048 3470.32 8268
1000000 10 400 20 16 ftwS 1.885496 29916 25113 0.00806299486623 42.71 2060 1.59 4048 1.65 9432 54.53 2060 1.51 4048 3478.49 8268
1000000 13 50 10 0 fswS 2.480515 0 198062 0.000975248404039 0 0 0 0 0 0 0 0 0 0 0 0
1000000 13 50 10 16 ftwS 3.685093 233916 198062 0.000975248404039 4.0 16444 1.09 32848 0.98 69448 4.03 16444 1.09 32848 32.26 65884
1000000 13 50 10 1 ftwS 2.890572 233916 198062 0.000975248404039 2.12 16444 0.36 32848 0.34 69448 2.0 16444 0.41 32848 18.02 65884
1000000 13 50 10 4 ftwS 3.556614 233916 198062 0.000975248404039 2.73 16444 0.58 32848 0.51 69448 2.37 16444 0.59 32848 20.1 65884
1000000 13 50 10 8 ftwS 4.215881 233916 198062 0.000975248404039 3.21 16444 0.8 32848 0.71 69448 3.0 16444 0.84 32848 25.26 65884
1000000 13 50 20 0 fswS 2.620245 0 198062 0.000979582709218 0 0 0 0 0 0 0 0 0 0 0 0
1000000 13 50 20 16 ftwS 3.771963 233916 198062 0.000979582709218 7.04 16444 1.69 32848 1.61 69448 7.62 16444 1.64 32848 32.08 65884
1000000 13 50 20 1 ftwS 3.027243 233916 198062 0.000979582709218 3.88 16444 0.94 32848 0.9 69448 3.76 16444 0.93 32848 18.06 65884
1000000 13 50 20 4 ftwS 3.504884 233916 198062 0.000979582709218 4.97 16444 1.19 32848 1.11 69448 4.57 16444 1.15 32848 20.08 65884
1000000 13 50 20 8 ftwS 4.288673 233916 198062 0.000979582709218 5.7 16444 1.41 32848 1.35 69448 6.13 16444 1.37 32848 25.39 65884
1000000 12 100 50 0 fswS 3.948533 0 99375 0.00196359515117 0 0 0 0 0 0 0 0 0 0 0 0
1000000 12 100 50 16 ftwS 1.824398 117456 99375 0.00196359515117 51.74 8232 5.83 16404 6.5 35176 70.38 8232 5.65 16404 189.57 33008
1000000 12 100 50 1 ftwS 4.232119 117456 99375 0.00196359515117 24.1 8232 5.29 16404 6.13 35176 24.77 8232 4.76 16404 78.95 33008
1000000 12 100 50 4 ftwS 1.533896 117456 99375 0.00196359515117 26.6 8232 6.23 16404 7.08 35176 27.95 8232 5.37 16404 89.36 33008
1000000 12 100 50 8 ftwS 1.846808 117456 99375 0.00196359515117 31.61 8232 5.83 16404 6.05 35176 37.96 8232 5.31 16404 116.74 33008
2000000 13 100 10 0 fswS 6.610887 0 198686 0.000987533723073 0 0 0 0 0 0 0 0 0 0 0 0
2000000 13 100 10 1 ftwS 7.078477 234604 198686 0.000987533723073 3.88 16492 0.38 32912 0.35 69576 3.72 16492 0.43 32912 79.54 66220
2000000 13 100 10 4 ftwS 2.798607 234604 198686 0.000987533723073 4.57 16492 0.55 32912 0.5 69576 4.41 16492 0.54 32912 89.62 66220
2000000 13 100 10 8 ftwS 3.889252 234604 198686 0.000987533723073 4.96 16492 0.66 32912 0.75 69576 5.61 16492 0.84 32912 116.05 66220
2000000 12 200 10 0 fswS 13.853595 0 99567 0.00196282184636 0 0 0 0 0 0 0 0 0 0 0 0
2000000 12 200 10 1 ftwS 14.80458 117632 99567 0.00196282184636 7.86 8248 0.46 16420 0.39 35176 7.82 8248 0.57 16420 415.74 33120
2000000 12 200 10 4 ftwS 4.407225 117632 99567 0.00196282184636 9.4 8248 0.68 16420 0.59 35176 9.04 8248 0.63 16420 470.44 33120
2000000 12 200 10 8 ftwS 2.43845 117632 99567 0.00196282184636 9.96 8248 0.68 16420 0.63 35176 10.14 8248 0.59 16420 500.95 33120
2000000 11 400 10 1 ftwS 39.414287 59140 49940 0.00418776907286 15.81 4124 0.46 8172 0.41 18008 15.89 4124 0.57 8172 2345.02 16540
2000000 11 400 10 4 ftwS 14.099056 59140 49940 0.00418776907286 18.38 4124 0.68 8172 0.58 18008 18.64 4124 0.61 8172 3341.14 16540
2000000 11 400 10 8 ftwS 7.058169 59140 49940 0.00418776907286 22.65 4124 0.75 8172 0.68 18008 18.4 4124 0.58 8172 3321.35 16540
2000000 13 100 20 0 fswS 6.838449 0 198686 0.000991880115057 0 0 0 0 0 0 0 0 0 0 0 0
2000000 13 100 20 1 ftwS 7.245391 234604 198686 0.000991880115057 7.6 16492 0.93 32912 0.92 69576 7.37 16492 0.98 32912 79.32 66220
2000000 13 100 20 4 ftwS 2.874255 234604 198686 0.000991880115057 8.66 16492 1.19 32912 1.16 69576 9.03 16492 1.12 32912 89.54 66220
2000000 13 100 20 8 ftwS 3.763332 234604 198686 0.000991880115057 9.63 16492 1.3 32912 1.36 69576 12.11 16492 1.38 32912 116.88 66220
2000000 12 200 20 1 ftwS 15.375784 117632 99567 0.00196679515956 15.54 8248 0.98 16420 0.98 35176 15.69 8248 1.06 16420 426.66 33120
2000000 12 200 20 4 ftwS 4.483618 117632 99567 0.00196679515956 18.27 8248 1.37 16420 1.31 35176 18.17 8248 1.23 16420 476.21 33120
2000000 11 400 10 0 fswS 38.914085 0 49940 0.00418776907286 0 0 0 0 0 0 0 0 0 0 0 0
2000000 12 200 20 0 fswS 14.59818 0 99567 0.00196679515956 0 0 0 0 0 0 0 0 0 0 0 0
2000000 12 200 20 8 ftwS 2.456622 117632 99567 0.00196679515956 19.42 8248 1.43 16420 1.4 35176 21.68 8248 1.22 16420 501.99 33120
2000000 11 400 20 1 ftwS 39.770572 59140 49940 0.00419123917175 31.43 4124 1.07 8172 1.08 18008 32.31 4124 1.1 8172 2356.27 16540
2000000 11 400 20 4 ftwS 14.171979 59140 49940 0.00419123917175 36.77 4124 1.45 8172 1.43 18008 39.06 4124 1.3 8172 3348.68 16540
2000000 11 400 20 0 fswS 39.664679 0 49940 0.00419123917175 0 0 0 0 0 0 0 0 0 0 0 0
2000000 11 400 20 8 ftwS 7.118485 59140 49940 0.00419123917175 44.44 4124 1.66 8172 1.69 18008 43.58 4124 1.36 8172 3332.67 16540
2000000 13 100 10 16 ftwS 3.818412 234604 198686 0.000987533723073 7.61 16492 1.09 32912 1.0 69576 6.98 16492 1.09 32912 189.8 66220
2000000 13 100 20 16 ftwS 3.811456 234604 198686 0.000991880115057 13.22 16492 1.7 32912 1.61 69576 15.48 16492 1.64 32912 188.88 66220
2000000 12 200 10 16 ftwS 1.695117 117632 99567 0.00196282184636 10.63 8248 0.77 16420 0.7 35176 11.07 8248 0.73 16420 671.03 33120
2000000 12 200 20 16 ftwS 1.733541 117632 99567 0.00196679515956 20.45 8248 1.55 16420 1.5 35176 23.95 8248 1.38 16420 674.92 33120
2000000 11 400 10 16 ftwS 3.812569 59140 49940 0.00418776907286 24.37 4124 0.8 8172 0.76 18008 21.38 4124 0.72 8172 3533.97 16540
2000000 11 400 20 16 ftwS 3.790678 59140 49940 0.00419123917175 47.6 4124 1.77 8172 1.84 18008 44.48 4124 1.51 8172 3534.22 16540
2000000 13 100 50 0 fswS 7.955525 0 198686 0.00100207138579 0 0 0 0 0 0 0 0 0 0 0 0
2000000 13 100 50 16 ftwS 3.67353 234604 198686 0.00100207138579 52.03 16492 5.81 32912 6.3 69576 68.91 16492 5.56 32912 189.3 66220
2000000 13 100 50 1 ftwS 8.494407 234604 198686 0.00100207138579 24.04 16492 5.25 32912 6.0 69576 24.69 16492 4.76 32912 79.31 66220
2000000 13 100 50 4 ftwS 3.102196 234604 198686 0.00100207138579 26.83 16492 6.17 32912 6.9 69576 27.92 16492 5.39 32912 89.58 66220
2000000 13 100 50 8 ftwS 3.657869 234604 198686 0.00100207138579 31.54 16492 5.77 32912 5.94 69576 37.78 16492 5.25 32912 117.24 66220
2000000 14 50 20 0 fswS 5.209958 0 396585 0.000496875177575 0 0 0 0 0 0 0 0 0 0 0 0
2000000 14 50 20 16 ftwS 7.721879 468156 396585 0.000496875177575 6.94 32956 1.7 65868 1.61 138240 7.62 32956 1.68 65868 31.72 132268
2000000 14 50 20 1 ftwS 6.109319 468156 396585 0.000496875177575 3.93 32956 0.9 65868 0.89 138240 3.8 32956 0.96 65868 17.99 132268
2000000 14 50 20 4 ftwS 6.724944 468156 396585 0.000496875177575 4.97 32956 1.19 65868 1.12 138240 4.55 32956 1.13 65868 20.01 132268
2000000 14 50 20 8 ftwS 8.55644 468156 396585 0.000496875177575 5.67 32956 1.41 65868 1.32 138240 6.06 32956 1.36 65868 25.13 132268
